library(survival)
x <- c(83,79,11,14,7,40,36,30,25,18,10,42,71,47,26,36,13,14,28,27,18,11,35,26,25,31,31,10,41,85,64,5,11,42,47,7,36,34,49,38,37,64,65,42,56,49,28,4,1,46,60,32,39,26,4,69,2,62,42,14,57,35,10,60,28,45,57,70,62,20,23,33,29,48,36,3,81,62,18,37,54,34,36,33,33,33,65,42,67,26,37,59,7,38,14,45,42,13,43,15,28,38,41,14,14,32,20,44,27,52,76,59,33,43,18,8,73,52,84,87,55,63,12,30,60,0,70,24,49,68,76,35)
y <- c(0,0,1,1,1,1,0,0,1,1,1,0,0,0,1,0,1,1,0,1,1,1,1,1,1,1,1,1,1,1,0,1,1,0,0,1,0,1,0,1,0,0,0,1,0,1,1,1,1,0,0,0,1,1,1,0,1,0,0,1,0,1,1,0,0,0,0,0,1,1,1,1,0,0,0,1,0,0,1,0,0,0,0,0,1,0,1,0,0,1,0,0,1,0,1,0,0,1,0,1,0,0,1,1,1,0,1,0,1,0,0,0,1,0,1,1,0,1,0,0,1,0,1,1,0,1,0,0,0,1,0,0)
z <- c(1,1,1,1,1,1,1,1,1,1,1,1,1,1,1,1,1,1,1,1,1,1,1,1,1,1,1,1,1,1,1,1,1,1,1,1,1,1,1,1,1,1,1,1,1,1,1,1,1,1,1,1,1,1,1,1,1,1,1,1,1,1,1,1,1,1,2,2,2,2,2,2,2,2,2,2,2,2,2,2,2,2,2,2,2,2,2,2,2,2,2,2,2,2,2,2,2,2,2,2,2,2,2,2,2,2,2,2,2,2,2,2,2,2,2,2,2,2,2,2,2,2,2,2,2,2,2,2,2,2,2,2)
coxph(Surv(x, y ==1) ~ z, method = "breslow")
Call:
coxph(formula = Surv(x, y == 1) ~ z, method = "breslow")

     coef exp(coef) se(coef)     z      p
z -0.4995    0.6068   0.2522 -1.98 0.0477

Likelihood ratio test=3.99  on 1 df, p=0.04569
n= 132, number of events= 65 

summary(coxph(Surv(x, y ==1) ~ z, method = "breslow")) # to get more results

Call:
coxph(formula = Surv(x, y == 1) ~ z, method = "breslow")

  n= 132, number of events= 65 

     coef exp(coef) se(coef)     z Pr(>|z|)  
z -0.4995    0.6068   0.2522 -1.98   0.0477 *
---
Signif. codes:  0 ‘***’ 0.001 ‘**’ 0.01 ‘*’ 0.05 ‘.’ 0.1 ‘ ’ 1

  exp(coef) exp(-coef) lower .95 upper .95
z    0.6068      1.648    0.3701    0.9949

Concordance= 0.569  (se = 0.033 )
Likelihood ratio test= 3.99  on 1 df,   p=0.05
Wald test            = 3.92  on 1 df,   p=0.05
Score (logrank) test = 4  on 1 df,   p=0.05