library(survival)
x <- c(83,79,31,19,11,40,36,30,25,79,10,42,71,47,35,36,28,14,28,27,48,11,51,37,46,37,48,21,61,85,64,13,12,42,47,7,36,34,49,53,37,64,65,64,56,97,38,11,1,46,60,32,51,44,16,69,2,62,42,14,57,35,10,60,28,45,57,70,71,36,23,50,29,48,36,7,81,62,18,37,54,34,36,33,38,33,65,42,67,37,37,59,34,38,14,45,42,26,43,15,28,38,45,15,35,32,20,44,53,52,76,59,47,43,24,45,73,53,84,87,55,63,38,31,60,7,70,24,49,81,76,35)
y <- c(0,0,1,1,1,0,0,0,0,0,1,0,0,0,1,0,1,0,0,0,1,0,0,1,1,1,1,1,1,0,0,1,1,0,0,0,0,1,0,0,0,0,0,1,0,0,0,1,1,0,0,0,0,0,1,0,1,0,0,1,0,0,0,0,0,0,0,0,0,0,0,0,0,0,0,1,0,0,0,0,0,0,0,0,0,0,0,0,0,1,0,0,1,0,1,0,0,1,0,0,0,0,0,0,0,0,0,0,1,0,0,0,0,0,1,0,0,0,0,0,1,0,1,1,0,1,0,0,0,0,0,0)
z <- c(1,1,1,1,1,1,1,1,1,1,1,1,1,1,1,1,1,1,1,1,1,1,1,1,1,1,1,1,1,1,1,1,1,1,1,1,1,1,1,1,1,1,1,1,1,1,1,1,1,1,1,1,1,1,1,1,1,1,1,1,1,1,1,1,1,1,2,2,2,2,2,2,2,2,2,2,2,2,2,2,2,2,2,2,2,2,2,2,2,2,2,2,2,2,2,2,2,2,2,2,2,2,2,2,2,2,2,2,2,2,2,2,2,2,2,2,2,2,2,2,2,2,2,2,2,2,2,2,2,2,2,2)
coxph(Surv(x, y ==1) ~ z, method = "breslow")
Call:
coxph(formula = Surv(x, y == 1) ~ z, method = "breslow")

     coef exp(coef) se(coef)      z      p
z -0.7947    0.4517   0.3694 -2.151 0.0314

Likelihood ratio test=4.94  on 1 df, p=0.0263
n= 132, number of events= 33 

summary(coxph(Surv(x, y ==1) ~ z, method = "breslow")) # to get more results

Call:
coxph(formula = Surv(x, y == 1) ~ z, method = "breslow")

  n= 132, number of events= 33 

     coef exp(coef) se(coef)      z Pr(>|z|)  
z -0.7947    0.4517   0.3694 -2.151   0.0314 *
---
Signif. codes:  0 ‘***’ 0.001 ‘**’ 0.01 ‘*’ 0.05 ‘.’ 0.1 ‘ ’ 1

  exp(coef) exp(-coef) lower .95 upper .95
z    0.4517      2.214     0.219    0.9317

Concordance= 0.6  (se = 0.044 )
Likelihood ratio test= 4.94  on 1 df,   p=0.03
Wald test            = 4.63  on 1 df,   p=0.03
Score (logrank) test = 4.88  on 1 df,   p=0.03