library(survival)
x <- c(79,11,83,14,18,4,28,7,40,41,42,5,36,56,62,27,10,33,42,25,3,71,11,47,31,13,14,18,30,26,28,62,26,64,26,85,46,49,7,10,47,36,11,31,36,33,38,25,42,37,20,4,35,23,57,32,64,65,1,34,28,49,14,42,10,69,18,54,81,60,34,37,33,36,67,35,28,14,13,33,57,42,42,45,2,70,7,36,14,14,15,39,59,48,18,62,44,26,20,38,52,35,27,43,38,43,59,8,76,60,32,65,45,29,33,37,73,52,30,84,24,0,63,70,12,87,55,60,41,49,68,76)
y <- c(0,1,0,1,1,1,0,1,1,1,1,1,0,0,1,1,1,0,0,1,1,0,1,0,1,1,1,1,0,1,0,0,1,0,1,1,0,0,1,1,0,0,1,1,0,1,1,1,0,0,1,1,1,1,0,0,0,0,1,1,1,1,1,0,1,0,1,0,0,0,0,0,1,0,0,1,0,1,1,0,0,0,0,0,1,0,1,0,1,1,1,1,0,0,1,0,0,1,1,0,0,0,1,0,0,0,0,1,0,0,0,1,0,0,1,0,0,1,1,0,0,1,0,0,1,0,1,0,1,0,1,0)
z <- c(1,1,1,1,1,1,1,1,1,1,1,1,1,1,1,1,1,1,1,1,1,1,1,1,1,1,1,1,1,1,1,1,1,1,1,1,1,1,1,1,1,1,1,1,1,1,1,1,1,1,1,1,1,1,1,1,1,1,1,1,1,1,1,1,1,1,2,2,2,2,2,2,2,2,2,2,2,2,2,2,2,2,2,2,2,2,2,2,2,2,2,2,2,2,2,2,2,2,2,2,2,2,2,2,2,2,2,2,2,2,2,2,2,2,2,2,2,2,2,2,2,2,2,2,2,2,2,2,2,2,2,2)
coxph(Surv(x, y ==1) ~ z, method = "breslow")
Call:
coxph(formula = Surv(x, y == 1) ~ z, method = "breslow")

     coef exp(coef) se(coef)      z       p
z -0.6799    0.5067   0.2558 -2.658 0.00785

Likelihood ratio test=7.31  on 1 df, p=0.006866
n= 132, number of events= 65 

summary(coxph(Surv(x, y ==1) ~ z, method = "breslow"))# to get more results
Call:
coxph(formula = Surv(x, y == 1) ~ z, method = "breslow")

  n= 132, number of events= 65 

     coef exp(coef) se(coef)      z Pr(>|z|)   
z -0.6799    0.5067   0.2558 -2.658  0.00785 **
---
Signif. codes:  0 ‘***’ 0.001 ‘**’ 0.01 ‘*’ 0.05 ‘.’ 0.1 ‘ ’ 1

  exp(coef) exp(-coef) lower .95 upper .95
z    0.5067      1.974    0.3069    0.8364

Concordance= 0.589  (se = 0.032 )
Likelihood ratio test= 7.31  on 1 df,   p=0.007
Wald test            = 7.07  on 1 df,   p=0.008
Score (logrank) test = 7.34  on 1 df,   p=0.007