library(survival)
x <- c(79,31,83,19,79,16,28,11,40,61,64,13,36,56,71,27,10,33,42,25,7,71,11,47,48,28,14,48,30,35,28,62,44,64,37,85,46,49,7,21,47,36,12,37,36,50,53,46,42,37,36,11,51,23,57,32,64,65,1,34,38,97,14,42,10,69,18,54,81,60,34,37,38,36,67,35,28,35,26,33,57,42,42,45,2,70,34,36,15,14,15,51,59,48,24,62,44,37,20,38,52,35,53,43,38,43,59,45,76,60,32,65,45,29,47,37,73,53,31,84,24,7,63,70,38,87,55,60,45,49,81,76)
y <- c(0,1,0,1,0,1,0,1,0,1,1,1,0,0,0,0,1,0,0,0,1,0,0,0,1,1,0,1,0,1,0,0,0,0,1,0,0,0,0,1,0,0,1,1,0,0,0,1,0,0,0,1,0,0,0,0,0,0,1,1,0,0,1,0,0,0,0,0,0,0,0,0,0,0,0,0,0,0,1,0,0,0,0,0,1,0,1,0,0,1,0,0,0,0,1,0,0,1,0,0,0,0,1,0,0,0,0,0,0,0,0,0,0,0,0,0,0,0,1,0,0,1,0,0,1,0,1,0,0,0,0,0)
z <- c(1,1,1,1,1,1,1,1,1,1,1,1,1,1,1,1,1,1,1,1,1,1,1,1,1,1,1,1,1,1,1,1,1,1,1,1,1,1,1,1,1,1,1,1,1,1,1,1,1,1,1,1,1,1,1,1,1,1,1,1,1,1,1,1,1,1,2,2,2,2,2,2,2,2,2,2,2,2,2,2,2,2,2,2,2,2,2,2,2,2,2,2,2,2,2,2,2,2,2,2,2,2,2,2,2,2,2,2,2,2,2,2,2,2,2,2,2,2,2,2,2,2,2,2,2,2,2,2,2,2,2,2)
coxph(Surv(x, y ==1) ~ z, method = "breslow")
Call:
coxph(formula = Surv(x, y == 1) ~ z, method = "breslow")

     coef exp(coef) se(coef)      z      p
z -0.8245    0.4384   0.3697 -2.231 0.0257

Likelihood ratio test=5.31  on 1 df, p=0.02117
n= 132, number of events= 33 

summary(coxph(Surv(x, y ==1) ~ z, method = "breslow")) # to get more results
Call:
coxph(formula = Surv(x, y == 1) ~ z, method = "breslow")

  n= 132, number of events= 33 

     coef exp(coef) se(coef)      z Pr(>|z|)  
z -0.8245    0.4384   0.3697 -2.231   0.0257 *
---
Signif. codes:  0 ‘***’ 0.001 ‘**’ 0.01 ‘*’ 0.05 ‘.’ 0.1 ‘ ’ 1

  exp(coef) exp(-coef) lower .95 upper .95
z    0.4384      2.281    0.2125    0.9048

Concordance= 0.603  (se = 0.044 )
Likelihood ratio test= 5.31  on 1 df,   p=0.02
Wald test            = 4.98  on 1 df,   p=0.03
Score (logrank) test = 5.26  on 1 df,   p=0.02